16	2.07014
24	1.62588
32	1.45903
40	1.74449
48	1.61372
56	1.52051
64	1.45983
72	1.61545
80	1.61215
88	1.52006
96	1.51675
104	1.52108
112	1.51901
120	1.51761
128	1.45948
136	1.52284
144	1.51889
152	1.51856
160	1.51748
168	1.51987
176	1.5186
184	1.5183
192	1.51612
200	1.6126
208	1.61327
216	1.61302
224	1.61349
232	1.61764
240	1.51834
248	1.5166
256	1.45952
264	1.5171
272	1.51728
280	1.51887
288	1.51772
296	1.51827
304	1.51702
312	1.51678
320	1.51648
328	1.61501
336	1.61535
344	1.61535
352	1.61566
360	1.61688
368	1.61699
376	1.61078
384	1.61753
392	1.74935
400	1.74921
408	1.75232
416	1.7454
424	1.74492
432	1.61735
440	1.61586
448	1.61546
456	1.61591
464	1.61007
472	1.51562
480	1.51409
488	1.51482
496	1.51249
504	1.51198
512	1.45741
520	1.51021
528	1.51038
536	1.5093
544	1.50981
552	1.51222
560	1.51256
568	1.51188
576	1.51225
584	1.51304
592	1.51286
600	1.51299
608	1.51259
616	1.51425
624	1.51164
632	1.50751
640	1.51066
648	1.6103
656	1.61063
664	1.61092
672	1.61151
680	1.61403
688	1.61248
696	1.61357
704	1.61324
712	1.61257
720	1.64701
728	1.61412
736	1.61484
744	1.61561
752	1.61566
760	1.61586
768	1.61557
776	1.74391
784	1.74413
792	1.74846
800	1.74836
808	1.75121
816	1.7512
824	1.7549
832	1.75568
840	1.75656
848	1.75667
856	1.75718
864	1.75663
872	1.75742
880	1.75763
888	1.75789
896	1.75851
904	1.93838
912	1.93949
920	1.94884
928	1.94974
936	1.95419
944	1.95451
952	1.9621
960	1.96347
968	1.96448
976	1.96464
984	1.96442
992	1.96514
1000	1.96595
1008	1.9661
1016	1.96619
1024	1.96709
